 ndisc    = 
         52
 xsdisc   = 
   0.59571E-01  -0.22799E+00   0.60100E+00   0.89935E+00  -0.98667E+00  -0.97625E+00   0.89895E+00  -0.45522E+00
   0.69795E+00  -0.21947E+00   0.91227E+00   0.42939E+00   0.99455E+00  -0.91132E+00   0.88971E-01  -0.52384E+00
   0.37570E+00  -0.84412E+00   0.73691E+00   0.50951E+00  -0.58584E+00  -0.78562E+00   0.14098E+00   0.98798E+00
  -0.19540E+00  -0.71878E+00  -0.77935E+00   0.82104E-01  -0.18448E+00  -0.66382E+00  -0.91373E+00  -0.48135E+00
   0.99211E+00   0.83481E+00   0.54252E+00  -0.50708E+00   0.17894E+00  -0.26145E+00   0.44916E+00  -0.18202E+00
   0.37921E+00  -0.85253E+00  -0.72719E+00   0.90618E+00   0.97388E+00   0.69384E+00   0.86099E-01  -0.98455E+00
  -0.96596E+00   0.91229E+00  -0.97769E+00   0.75012E+00
 ysdisc   = 
  -0.68954E-01  -0.98912E+00  -0.36748E-01  -0.19461E+00  -0.95959E+00  -0.53400E+00  -0.97402E+00  -0.46210E+00
  -0.45003E+00  -0.19980E+00  -0.64391E+00  -0.71027E+00  -0.32148E+00  -0.81902E+00  -0.49562E+00  -0.89019E+00
  -0.25194E+00  -0.29468E+00  -0.85600E+00  -0.97653E+00  -0.94061E-01  -0.97201E+00  -0.90810E+00  -0.86603E+00
  -0.74267E+00  -0.65563E+00   0.97397E+00   0.64533E-01   0.75511E+00   0.11547E+00   0.83459E+00   0.50096E+00
   0.82973E+00   0.80052E-01   0.97611E+00   0.90138E+00   0.90598E+00   0.23367E+00   0.70059E+00   0.99054E+00
   0.24408E+00   0.34135E+00   0.69061E+00   0.61224E+00   0.26386E+00   0.42227E+00   0.50562E+00   0.96369E+00
   0.16919E-01   0.96733E+00   0.56319E+00   0.84679E+00
 whtsdisc = 
   0.61528E-01   0.27757E-01   0.10195E+00   0.58543E-01   0.69165E-02   0.32497E-01   0.16847E-01   0.13838E+00
   0.12446E+00   0.14047E+00   0.62449E-01   0.13025E+00   0.19403E-01   0.45297E-01   0.15860E+00   0.77583E-01
   0.13464E+00   0.10367E+00   0.69824E-01   0.32632E-01   0.99243E-01   0.25274E-01   0.86432E-01   0.13020E-01
   0.13050E+00   0.99682E-01   0.24002E-01   0.94496E-01   0.12809E+00   0.98105E-01   0.40782E-01   0.13343E+00
   0.13484E-01   0.76988E-01   0.32481E-01   0.74421E-01   0.87278E-01   0.15708E+00   0.12965E+00   0.27055E-01
   0.14042E+00   0.93765E-01   0.90695E-01   0.65422E-01   0.38184E-01   0.12211E+00   0.16108E+00   0.65044E-02
   0.48339E-01   0.18603E-01   0.29877E-01   0.69815E-01
 nquadbdy = 
         36
 xsbdy    = 
  -0.10000E+01  -0.10000E+01  -0.10000E+01  -0.10000E+01  -0.10000E+01  -0.10000E+01  -0.10000E+01  -0.10000E+01
  -0.10000E+01  -0.96816E+00  -0.83603E+00  -0.61337E+00  -0.32425E+00   0.00000E+00   0.32425E+00   0.61337E+00
   0.83603E+00   0.96816E+00   0.10000E+01   0.10000E+01   0.10000E+01   0.10000E+01   0.10000E+01   0.10000E+01
   0.10000E+01   0.10000E+01   0.10000E+01  -0.96816E+00  -0.83603E+00  -0.61337E+00  -0.32425E+00   0.00000E+00
   0.32425E+00   0.61337E+00   0.83603E+00   0.96816E+00
 ysbdy    = 
  -0.96816E+00  -0.83603E+00  -0.61337E+00  -0.32425E+00   0.00000E+00   0.32425E+00   0.61337E+00   0.83603E+00
   0.96816E+00   0.10000E+01   0.10000E+01   0.10000E+01   0.10000E+01   0.10000E+01   0.10000E+01   0.10000E+01
   0.10000E+01   0.10000E+01  -0.96816E+00  -0.83603E+00  -0.61337E+00  -0.32425E+00   0.00000E+00   0.32425E+00
   0.61337E+00   0.83603E+00   0.96816E+00  -0.10000E+01  -0.10000E+01  -0.10000E+01  -0.10000E+01  -0.10000E+01
  -0.10000E+01  -0.10000E+01  -0.10000E+01  -0.10000E+01
 whtsbdy  = 
   0.81274E-01   0.18065E+00   0.26061E+00   0.31235E+00   0.33024E+00   0.31235E+00   0.26061E+00   0.18065E+00
   0.81274E-01   0.81274E-01   0.18065E+00   0.26061E+00   0.31235E+00   0.33024E+00   0.31235E+00   0.26061E+00
   0.18065E+00   0.81274E-01   0.81274E-01   0.18065E+00   0.26061E+00   0.31235E+00   0.33024E+00   0.31235E+00
   0.26061E+00   0.18065E+00   0.81274E-01   0.81274E-01   0.18065E+00   0.26061E+00   0.31235E+00   0.33024E+00
   0.31235E+00   0.26061E+00   0.18065E+00   0.81274E-01
 in diagquad, x1 = 
   0.59571E-01
 in diagquad, x1 = 
  -0.77935E+00
 in diagquad, x2 = 
  -0.68954E-01
 in diagquad, x2 = 
   0.97397E+00
 in diagquad, npoly = 
          8
 in diagquad, npoly = 
          8
 nfuns1 = 
         54
 nfuns1 = 
         54
